1152 345610168· 3110 93312 87995
Ι’69758988586875888885 46875 78125
163841638416384'1638 16384 1638 “
v 28125168w7510125 6075 3645 2187 '
3110410168¹3456 1152 387 128·

58884996 347682621442097152

6568 58888888 672262352981823543 ’
674617496¹34992 8998889968 279936
856998899989999 59999 68599 78125 ,
500004000032000 8569 9 20680 Ι6334
699843499217 96 8788 4374 ΖΙ87
6788889898 5888 1568 448 128

ιο 81 729 6568“599895584418781969

2048 81923276813107252 2882097152 · ,

819878778568887858865558947 823543
36854m5529682944124416186624 279936
7812 257812578125 78125 78885 78885
, 1244168294455296 3686 24576 16 384

1512636482727783 311907 5895 2187 }

131072432768 8192 2048 512 128
· 59049 6561 729 818 1
· 66

6

 

