2
1ς 4477 . 918 99 119

“wwmffl

8 823543 1764814499116174181471149

2196288' 6698464 19155391 69466176
11993713111611 1819171 976161
N · 1948576 194857 1948576 1 1948576
¹ 164915 ’164915 · 98415 59949

’ 9116 ’9116 3971 Ι 1024
49 495 7 1

’ .- ..u-⁵·— ι-ι-οα--Μ-η-ι

δ9 1997151167771161341177181973741814
, 65883 34413959194 89797114 181475149
755817115116544 39133988 69466176
5999999 6159999 7811599 9765615

’ , 1948999 4638499 ’1319719 1948576

,· 471391 136196 118998 “ 59949
41994 11144, 3184
⁴ 111 64· 8,

10 4781969439467113874194893486784491
1677711667198864168435456197374181
1113566151883199111969811 181475149
1791599416873856 49319784 69496176

97616119761611 9761611 9761611
31389441119196 1171864 1948176
719141 911489 117781 19949
65531 16384 4996 1914
719 ’ 81 9 1

In

 

