Α

· 7948576 794857

2
7 5 a3r7 998 99 779

fluo-'’w'mm

8 879749, 57646674 46959667Ι 787479749

7796788 6698464 79755397 69466776

. 7799375 3575675 5859375 976567 5
7948576 = 7948576
764975 ’764975 · 98415 ·59049
9776 ’977 9677 , ¹0²4

49 49, 7 7

.- ..ιι-ι·- -ι-ι--ι-Π---ῄ

,9 7997757767777767347777787973747874

. 658834443959794 80707214¹282475249
755827215116544 3023 33988 69466776
5999999.6759999 7877599 9765675

, 7948999 1638400 Ι7379779 7948576

47 7 392 236196 778998 ’ 59949
89 9964 77544 3584 102
4 ¹ 57 6 - 8Ι 7

,0 4787969439467773874794893486784497

7677777667798864766435456797374787

7773566757883799777969877 787475749
7797599476873856 493 379784 69466776
9765675 9767675 9765677 9767675
9797694479 779796 7777864 7648776
759747 377489 737787 59949’

6553 c 163 344 4996 797 3

779 ’ 87 9 , 11

“”’“““““”“ ln

 

