36

¹ 1 114 a45 196 117 118
1 2 Ι ΙΙ 1 ΙΙ ι 1 '
, 38-818-88 ψῌ--ἷῆ, 25⁶

· 32 16 ’, 8 · ; 4Ι 2

4 81 243 729 2987 J 6561
512 512 511 51 512

243 8¹ 17 ;; 1 3

’1ῗῖἷῖοῆ Ἓξ Ἓῖῖῗσῖςῖἒ
ἥ91 3888 5832 874 13122
3383 252² 1718 1151 . 768

2 1014 116 , 64 56„ 4 ‘
· Ι68191 16384 31768 6555653 31072
19683 19681 12685 1968519683

16384 8192 4996 2048! 1024
3125 ⁶².5 525 25 5

4821111 5576 46656 2749361619616
61108 81988 888888 887888 898888
81944 61168 46656 34911 16144
50000 20906 8000 3200 1280

7776 1196 216 ‘1 ;

19

 

