t'm' r32 a4 a3r am 4151r3
8···· ’46 141 ¹ ·7 497‘7343 ·
,⁸ 76 616 16 ’48 1134 436
.· 75 169 81 134 225 375
-· 64 64 646 646 646 646
· 81 27 ⁶25 375 ²25 135
24 8 1296 ’436 144 48
1 1 24οῙ 141 49 81

—u--uu--t μιμ-Ημ--ιαι-ι-ιιι-
9 64 416 ’ 1 8 641 416·
’ 343 16 96 196 686

616 81 166 364 -648

,ο ” 161 646 366 4661 466

1 64 625 500 400¹l 366

67 1696 648 364 166

68 86461 686 196146
14696 4161641

5 16 81 369 1 9 815 729
168 416 16164 6461664
147· 815 189 541⁸ 1029
144 616 646 384 576 864
164 ¹25 66411611 ⁶25 ⁶25 ’
96 64 1696481641 576 384
63 27 6461.1 1669 441 189 ·

36 8 4696 1664 256 64

9. 1164614 369 81 9

w· ...m-*nm

,¹4

 

