2
5 5 a3r7 558 09 510

*ww-*uum

8 813543 57648614 40353607Ι 181475149

5196588 6698464 10155395 60466176

. 2109375 5555655 5855555 556565
· 50485 76 504857 105857 5048576
164015 164055 98415 59049

9216 955 3071 . 1054

¹. 658834443059104 80707514’18147·5549·
755817115116544 30133088 60466176
5000000 6550000 7811500 9765615

’ . 1048000 1638400 5350710 1048576

ἱ 471391 536196 158098 ’ 59059·

55555 55551, 5585 102
' 512 64 · 8Ι 1

m —n--u— -o—o- *nu-01·— ΙΙΙ-...ΙΙΙ-

10 4785969430467113874504893486784501
1677751667108864168435456107374181
1153566155883109151060855 585475149
1791590456873856 403 350784 60466176

9765655 9765615 9765615 9765615
55585555 555556 5515865 ¹048576
750545 311489 537781 59049
65531 16384 4096 5014
719 ’ 81 9 , 1

11

 

